# Created by Octave 4.2.1, Wed May 13 07:40:12 2020 GMT <unknown@unknown>
# name: bus
# type: matrix
# rows: 6
# columns: 15
 1 1.1 0 0.1200000000000487 0.08712160602302238 0 0 0 0 1 100 -100 20 1.5 0.5
 2 1.1 2.06568255611227 0.00499999999995825 0.005798510212457976 0 0 0 0 2 100 -100 20 1.5 0.5
 3 1.094876822416205 2.242795325248236 0 0 -1.723680216149379e-012 -1.52340093290359e-012 0 0 3 9999 -9999 20 1.5 0.5
 4 1.1 2.956415587358997 0.1500000000000265 0.05728909223637331 0 0 0 0 2 100 -100 20 1.5 0.5
 5 1.031290661434555 -8.962303272472978 0 0 0.2500000000044275 0.1499999999946113 0 0.1 3 9999 -9999 20 1.5 0.5
 6 1.044400331005913 -4.820505625185839 0 0 0.02499999999732982 0.04999999999902828 0 0 3 9999 -9999 20 1.5 0.5


# name: line
# type: matrix
# rows: 6
# columns: 10
 4 3 0 0.1 0 1 0 0 0 0
 1 6 0 0.75 0 1 0 0 0 0
 5 6 0 0.75 0 1 0 0 0 0
 5 3 0 1.5 0 1 0 0 0 0
 2 3 0 1 0 1 0 0 0 0
 1 2 0 5 0 1 0 0 0 0


