# Created by Octave 5.2.0, Thu May 21 11:10:57 2020 GMT <unknown@thad-HP>
# name: a_mat
# type: matrix
# rows: 29
# columns: 29
 0 376.99111843324488 0 0 0 0 0 0 0 0 0 0 0 0 0 0 0 0 0 0 0 0 0 0 0 0 0 0 0
 -0.07198809263477475 -0.029634173859249213 -0.012423328744213093 -0.02129715813275988 -0.0028460047390144743 -0.065606500093098943 -5.8556066699639052e-14 -4.3987108689379033e-14 -5.8556066699639052e-14 -5.8556066699639052e-14 -5.8556066699639052e-14 -0.05625879043608141 -0.42194092827011276 0.21097046413493928 0.07198807986808832 -4.1130519641827554e-05 0.003415320433512017 0.0058548350283678064 -5.8556066699639049e-13 0.065935870850794512 -5.8556066699639052e-14 -3.8186568794885706e-14 -5.8556066699639052e-14 -5.8556066699639052e-14 -5.8556066699639052e-14 0.050261072240979587 0.020004122050814931 0.0027598912797069512 -0.00091797876760207908
 -0.0016787461289253715 -0.047332813597026582 -1.8257134889284901 1.6108706699626465 1.309683058801796e-06 0.0062862105878507147 -3.7634678800852763e-13 0.16949152542357185 -3.7634678800852763e-13 -3.7634678800852763e-13 -3.7634678800852763e-13 -3.7634678800852763e-13 -3.7634678800852763e-13 -3.7634678800852763e-13 0.0016784355901367138 0.03174938502311031 0.011050558586742733 0.018943814723060469 -3.7634678800852757e-12 -0.0024717045321963594 -3.7634678800852763e-13 -2.4542960825458747e-13 -3.7634678800852763e-13 -3.7634678800852763e-13 -3.7634678800852763e-13 0.00012799778186508887 0.00086626091610654272 0.021093972421889051 0.0088016172278929886
 -0.058510250209679412 -1.6497162443410149 32.750987399095195 -34.331640649634721 4.5646935305695045e-05 0.21909670962910741 -3.5850951836854015e-11 -2.6931107295072321e-11 -3.5850951836854015e-11 -3.5850951836854015e-11 -3.5850951836854015e-11 -3.5850951836854015e-11 -3.5850951836854015e-11 -3.5850951836854015e-11 0.058499426529764101 1.1065785493827307 0.38515111648260469 0.66025905700093468 -3.5850951836854017e-10 -0.086147659839053134 -3.5850951836854015e-11 -2.3379726744668782e-11 -3.5850951836854015e-11 -3.5850951836854015e-11 -3.5850951836854015e-11 0.004461176000373583 0.030192261700016466 0.73519967033290146 0.30676754252575061
 0 0 0 0 -12.195121951219511 0 0 0 0 0 0 0 0 0 0 0 0 0 0 0 0 0 0 0 0 0 0 0 0
 -5.978677078190918 -0.53099458828903945 -0.44201595835050095 -0.75774164290797874 11.876318346476646 -21.14578631426863 1.0154478883766675e-11 7.6280083605240244e-12 1.0154478883766675e-11 1.0154478883766675e-11 1.0154478883766675e-11 1.0154478883766675e-11 1.0154478883766675e-11 1.0154478883766675e-11 5.9786806589817303 -0.47837019643606954 0.11953128799093959 0.20491077929283366 1.0154478883766675e-10 5.5360099528777047 1.0154478883766675e-11 6.6221098568692053e-12 1.0154478883766675e-11 1.0154478883766675e-11 1.0154478883766675e-11 4.189846527634546 1.6553805126459176 -0.085371047595704533 -0.20822284022342516
 -0.00012658011221943394 44.366118754878372 -0.027790237216671457 -0.047640406967475041 0.00014789774026418195 0.005389446322470042 -0.083333333333249701 6.2984041254604603e-14 -44.444444444439462 0.55555555555563962 0.083333333333417386 8.3844968005545668e-14 8.3844968005545668e-14 8.3844968005545668e-14 0.00012662978434926919 -0.0054025611994206833 -0.001860753774706165 -0.0031898636173172457 8.3844968005545663e-13 0.00079814149077488594 8.3844968005545668e-14 5.4678393193176977e-14 8.3844968005545668e-14 8.3844968005545668e-14 8.3844968005545668e-14 0.00026603019685882595 -3.2849200298547723e-05 -0.0035734469097601271 -0.0015028983234704567
 -2.6834983812840107 940561.71760342084 -589.15302899557173 -1009.9766277112037 3.1354320917387208 114.25626203598326 19433.333333334966 -99.999999998906603 -942222.22222211666 11777.77777777944 1766.6666666682484 1.5543122344752192e-09 1.5543122344752192e-09 1.5543122344752192e-09 2.6845514278228677 -114.5342974284702 -39.447980023086984 -67.625108687851849 1.5543122344752192e-08 16.920599603675868 1.5543122344752192e-09 1.0136242820914465e-09 1.5543122344752192e-09 1.5543122344752192e-09 1.5543122344752192e-09 5.6398401726553962 -0.69640304856122259 -75.757074489146703 -31.861444458325391
 0 0.10000000000065511 0 0 0 0 0 0 -0.099999999999988973 0 0 0 0 0 0 0 0 0 0 0 0 0 0 0 0 0 0 0 0
 0 -1800.0000000117921 0 0 0 0 0 0 1799.9999999998017 -25 0 0 0 0 0 0 0 0 0 0 0 0 0 0 0 0 0 0 0
 0 -7555.5555556050531 0 0 0 0 0 0 7555.5555555547235 -94.444444444444457 -16.666666666666668 0 0 0 0 0 0 0 0 0 0 0 0 0 0 0 0 0 0
 0 -50.000000000327553 0 0 0 0 0 0 0 0 0 -2.5000000000000715 0 0 0 0 0 0 0 0 0 0 0 0 0 0 0 0 0
 0 0 0 0 0 0 0 0 0 0 0 0.011555555555556318 -0.013333333333333714 0 0 0 0 0 0 0 0 0 0 0 0 0 0 0 0
 0 0 0 0 0 0 0 0 0 0 0 0.33333333333366671 2.5000000000001874 -0.83333333333324155 0 0 0 0 0 0 0 0 0 0 0 0 0 0 0
 0 0 0 0 0 0 0 0 0 0 0 0 0 0 0 376.99111843324488 0 0 0 0 0 0 0 0 0 0 0 0 0
 0.06587934553425269 -0.028769699615477817 -0.008458243271163535 -0.014499845610017046 1.171121333992781e-12 0.063969844465502315 1.171121333992781e-13 8.7974217378758066e-14 1.171121333992781e-13 1.171121333992781e-13 1.171121333992781e-13 1.171121333992781e-13 1.171121333992781e-13 1.171121333992781e-13 -0.065878946325925725 -0.056427643069140838 -0.022636495015819186 -0.038805463958355657 -0.016590850569254842 -0.053210544072775541 1.171121333992781e-13 7.6373137589771412e-14 1.171121333992781e-13 1.171121333992781e-13 1.171121333992781e-13 0.16137560935168435 0.19202683665632234 -0.017331396224994619 -0.014708047735079305
 0.015379393434849592 0.027076163499608088 0.010013657457166409 0.017166269921995325 -3.7634678800852757e-12 0.012557090489828105 -3.7634678800852763e-13 -2.8271036635614458e-13 -3.7634678800852763e-13 -3.7634678800852763e-13 -3.7634678800852763e-13 -3.7634678800852763e-13 -3.7634678800852763e-13 -3.7634678800852763e-13 -0.015379727871659286 -0.039386407608059365 -1.8229181081423027 1.6156627513052797 2.8902383311516376e-05 -0.00086170990870133868 -3.7634678800852763e-13 0.16949152542358567 -3.7634678800852763e-13 -3.7634678800852763e-13 -3.7634678800852763e-13 0.013707148847225783 0.014358192002582006 0.067077402780999829 0.081314180398444694
 0.53602634696633034 0.94370022286210931 0.34901143833502418 0.59830532300783157 -4.2789845740761245e-10 0.43765909045016355 -4.2789845740761244e-11 -3.2143579674763734e-11 -4.2789845740761244e-11 -4.2789845740761244e-11 -4.2789845740761244e-11 -4.2789845740761244e-11 -4.2789845740761244e-11 -4.2789845740761244e-11 -0.5360380038570608 -1.3727558432578373 32.848416322860182 -34.164619637491988 0.0010073501061080847 -0.030033643511987819 -4.2789845740761244e-11 -2.790483514686274e-11 -4.2789845740761244e-11 -4.2789845740761244e-11 -4.2789845740761244e-11 0.47774269857266594 0.50043385903947302 2.3378851277932231 2.8340872657711675
 0 0 0 0 0 0 0 0 0 0 0 0 0 0 0 0 0 0 -12.195121951219511 0 0 0 0 0 0 0 0 0 0
 4.9987902045332033 -3.114770739434872 -0.97235494799024313 -1.6668941967566919 2.3693784062122242e-10 4.9194312433962537 2.3693784062122241e-11 1.7798686174556054e-11 2.3693784062122241e-11 2.3693784062122241e-11 2.3693784062122241e-11 2.3693784062122241e-11 2.3693784062122241e-11 2.3693784062122241e-11 -4.9987481219694825 -0.95176711498506772 -0.84532922227294627 -1.4491358090856921 10.697497706289351 -22.003538921726463 2.3693784062122241e-11 1.5451589666028144e-11 2.3693784062122241e-11 2.3693784062122241e-11 2.3693784062122241e-11 12.905675662358764 15.410779816995783 -3.2762130584670985 -3.4528342240935923
