# Created by Octave 4.2.1, Wed May 13 09:23:07 2020 GMT <unknown@unknown>
# name: a_mat
# type: matrix
# rows: 29
# columns: 29
 0 376.9911184332449 0 0 0 0 0 0 0 0 0 0 0 0 0 0 0 0 0 0 0 0 0 0 0 0 0 0 0
 -0.07198809263477475 -0.02963417385924921 -0.01242332874421309 -0.02129715813275988 -0.002846004739014474 -0.06560650009309894 -5.855606669963905e-014 -4.398710868937903e-014 -5.855606669963905e-014 -5.855606669963905e-014 -5.855606669963905e-014 -0.05625879043608141 -0.4219409282701128 0.2109704641349393 0.07198807986808832 -4.113051964182755e-005 0.003415320433512017 0.005854835028367806 -5.855606669963905e-013 0.06593587085079451 -5.855606669963905e-014 -3.818656879488571e-014 -5.855606669963905e-014 -5.855606669963905e-014 -5.855606669963905e-014 0.05026107224097959 0.02000412205081493 0.002759891279706951 -0.0009179787676020791
 -0.001678746128925372 -0.04733281359702658 -1.82571348892849 1.610870669962646 1.309683058801796e-006 0.006286210587850715 -3.763467880085276e-013 0.1694915254235718 -3.763467880085276e-013 -3.763467880085276e-013 -3.763467880085276e-013 -3.763467880085276e-013 -3.763467880085276e-013 -3.763467880085276e-013 0.001678435590136714 0.03174938502311031 0.01105055858674273 0.01894381472306047 -3.763467880085276e-012 -0.002471704532196359 -3.763467880085276e-013 -2.454296082545875e-013 -3.763467880085276e-013 -3.763467880085276e-013 -3.763467880085276e-013 0.0001279977818650889 0.0008662609161065427 0.02109397242188905 0.008801617227892989
 -0.05851025020967941 -1.649716244341015 32.75098739909519 -34.33164064963472 4.564693530569505e-005 0.2190967096291074 -3.585095183685402e-011 -2.693110729507232e-011 -3.585095183685402e-011 -3.585095183685402e-011 -3.585095183685402e-011 -3.585095183685402e-011 -3.585095183685402e-011 -3.585095183685402e-011 0.0584994265297641 1.106578549382731 0.3851511164826047 0.6602590570009347 -3.585095183685402e-010 -0.08614765983905313 -3.585095183685402e-011 -2.337972674466878e-011 -3.585095183685402e-011 -3.585095183685402e-011 -3.585095183685402e-011 0.004461176000373583 0.03019226170001647 0.7351996703329015 0.3067675425257506
 0 0 0 0 -12.19512195121951 0 0 0 0 0 0 0 0 0 0 0 0 0 0 0 0 0 0 0 0 0 0 0 0
 -5.978677078190918 -0.5309945882890394 -0.4420159583505009 -0.7577416429079787 11.87631834647665 -21.14578631426863 1.015447888376667e-011 7.628008360524024e-012 1.015447888376667e-011 1.015447888376667e-011 1.015447888376667e-011 1.015447888376667e-011 1.015447888376667e-011 1.015447888376667e-011 5.97868065898173 -0.4783701964360695 0.1195312879909396 0.2049107792928337 1.015447888376667e-010 5.536009952877705 1.015447888376667e-011 6.622109856869205e-012 1.015447888376667e-011 1.015447888376667e-011 1.015447888376667e-011 4.189846527634546 1.655380512645918 -0.08537104759570453 -0.2082228402234252
 -0.0001265801122194339 44.36611875487837 -0.02779023721667146 -0.04764040696747504 0.000147897740264182 0.005389446322470042 -0.0833333333332497 6.29840412546046e-014 -44.44444444443946 0.5555555555556396 0.08333333333341739 8.384496800554567e-014 8.384496800554567e-014 8.384496800554567e-014 0.0001266297843492692 -0.005402561199420683 -0.001860753774706165 -0.003189863617317246 8.384496800554566e-013 0.0007981414907748859 8.384496800554567e-014 5.467839319317698e-014 8.384496800554567e-014 8.384496800554567e-014 8.384496800554567e-014 0.000266030196858826 -3.284920029854772e-005 -0.003573446909760127 -0.001502898323470457
 -2.683498381284011 940561.7176034208 -589.1530289955717 -1009.976627711204 3.135432091738721 114.2562620359833 19433.33333333497 -99.9999999989066 -942222.2222221167 11777.77777777944 1766.666666668248 1.554312234475219e-009 1.554312234475219e-009 1.554312234475219e-009 2.684551427822868 -114.5342974284702 -39.44798002308698 -67.62510868785185 1.554312234475219e-008 16.92059960367587 1.554312234475219e-009 1.013624282091446e-009 1.554312234475219e-009 1.554312234475219e-009 1.554312234475219e-009 5.639840172655396 -0.6964030485612226 -75.7570744891467 -31.86144445832539
 0 0.1000000000006551 0 0 0 0 0 0 -0.09999999999998897 0 0 0 0 0 0 0 0 0 0 0 0 0 0 0 0 0 0 0 0
 0 -1800.000000011792 0 0 0 0 0 0 1799.999999999802 -25 0 0 0 0 0 0 0 0 0 0 0 0 0 0 0 0 0 0 0
 0 -7555.555555605053 0 0 0 0 0 0 7555.555555554723 -94.44444444444446 -16.66666666666667 0 0 0 0 0 0 0 0 0 0 0 0 0 0 0 0 0 0
 0 -50.00000000032755 0 0 0 0 0 0 0 0 0 -2.500000000000071 0 0 0 0 0 0 0 0 0 0 0 0 0 0 0 0 0
 0 0 0 0 0 0 0 0 0 0 0 0.01155555555555632 -0.01333333333333371 0 0 0 0 0 0 0 0 0 0 0 0 0 0 0 0
 0 0 0 0 0 0 0 0 0 0 0 0.3333333333336667 2.500000000000187 -0.8333333333332416 0 0 0 0 0 0 0 0 0 0 0 0 0 0 0
 0 0 0 0 0 0 0 0 0 0 0 0 0 0 0 376.9911184332449 0 0 0 0 0 0 0 0 0 0 0 0 0
 0.06587934553425269 -0.02876969961547782 -0.008458243271163535 -0.01449984561001705 1.171121333992781e-012 0.06396984446550232 1.171121333992781e-013 8.797421737875807e-014 1.171121333992781e-013 1.171121333992781e-013 1.171121333992781e-013 1.171121333992781e-013 1.171121333992781e-013 1.171121333992781e-013 -0.06587894632592572 -0.05642764306914084 -0.02263649501581919 -0.03880546395835566 -0.01659085056925484 -0.05321054407277554 1.171121333992781e-013 7.637313758977141e-014 1.171121333992781e-013 1.171121333992781e-013 1.171121333992781e-013 0.1613756093516844 0.1920268366563223 -0.01733139622499462 -0.0147080477350793
 0.01537939343484959 0.02707616349960809 0.01001365745716641 0.01716626992199533 -3.763467880085276e-012 0.01255709048982811 -3.763467880085276e-013 -2.827103663561446e-013 -3.763467880085276e-013 -3.763467880085276e-013 -3.763467880085276e-013 -3.763467880085276e-013 -3.763467880085276e-013 -3.763467880085276e-013 -0.01537972787165929 -0.03938640760805937 -1.822918108142303 1.61566275130528 2.890238331151638e-005 -0.0008617099087013387 -3.763467880085276e-013 0.1694915254235857 -3.763467880085276e-013 -3.763467880085276e-013 -3.763467880085276e-013 0.01370714884722578 0.01435819200258201 0.06707740278099983 0.08131418039844469
 0.5360263469663303 0.9437002228621093 0.3490114383350242 0.5983053230078316 -4.278984574076125e-010 0.4376590904501635 -4.278984574076124e-011 -3.214357967476373e-011 -4.278984574076124e-011 -4.278984574076124e-011 -4.278984574076124e-011 -4.278984574076124e-011 -4.278984574076124e-011 -4.278984574076124e-011 -0.5360380038570608 -1.372755843257837 32.84841632286018 -34.16461963749199 0.001007350106108085 -0.03003364351198782 -4.278984574076124e-011 -2.790483514686274e-011 -4.278984574076124e-011 -4.278984574076124e-011 -4.278984574076124e-011 0.4777426985726659 0.500433859039473 2.337885127793223 2.834087265771168
 0 0 0 0 0 0 0 0 0 0 0 0 0 0 0 0 0 0 -12.19512195121951 0 0 0 0 0 0 0 0 0 0
 4.998790204533203 -3.114770739434872 -0.9723549479902431 -1.666894196756692 2.369378406212224e-010 4.919431243396254 2.369378406212224e-011 1.779868617455605e-011 2.369378406212224e-011 2.369378406212224e-011 2.369378406212224e-011 2.369378406212224e-011 2.369378406212224e-011 2.369378406212224e-011 -4.998748121969482 -0.9517671149850677 -0.8453292222729463 -1.449135809085692 10.69749770628935 -22.00353892172646 2.369378406212224e-011 1.545158966602814e-011 2.369378406212224e-011 2.369378406212224e-011 2.369378406212224e-011 12.90567566235876 15.41077981699578 -3.276213058467099 -3.452834224093592
 -0.001914297200103787 -0.004951157024827024 -0.001807272757101957 -0.003098181892826752 1.207078418700528e-012 -0.001451816879397283 1.207078418700528e-013 9.067530077171526e-014 1.207078418700528e-013 1.207078418700528e-013 1.207078418700528e-013 1.207078418700528e-013 1.207078418700528e-013 1.207078418700528e-013 0.001914356299689545 44.3629292448125 -0.02807532656830168 -0.04812913237178612 0.000114054432846962 0.01204600664708241 -0.08333333333321283 7.871803157983238e-014 -44.44444444443943 0.5555555555556758 0.08333333333345426 -0.0005849455102655114 -0.0003616814437717187 -0.01167666739936967 -0.01408614377519686
