# Created by Octave 4.2.1, Wed May 13 09:21:46 2020 GMT <unknown@unknown>
# name: tL
# type: matrix
# rows: 1
# columns: 1201
 0 0.008333333333333333 0.01666666666666667 0.025 0.03333333333333333 0.04166666666666666 0.05 0.05833333333333333 0.06666666666666667 0.075 0.08333333333333333 0.09166666666666666 0.1 0.1083333333333333 0.1166666666666667 0.125 0.1333333333333333 0.1416666666666667 0.15 0.1583333333333333 0.1666666666666667 0.175 0.1833333333333333 0.1916666666666667 0.2 0.2083333333333333 0.2166666666666667 0.225 0.2333333333333333 0.2416666666666667 0.25 0.2583333333333333 0.2666666666666667 0.275 0.2833333333333333 0.2916666666666667 0.3 0.3083333333333333 0.3166666666666667 0.325 0.3333333333333333 0.3416666666666667 0.35 0.3583333333333333 0.3666666666666666 0.375 0.3833333333333333 0.3916666666666667 0.4 0.4083333333333333 0.4166666666666667 0.425 0.4333333333333333 0.4416666666666667 0.45 0.4583333333333333 0.4666666666666667 0.475 0.4833333333333333 0.4916666666666666 0.5 0.5083333333333333 0.5166666666666666 0.525 0.5333333333333333 0.5416666666666666 0.55 0.5583333333333333 0.5666666666666667 0.575 0.5833333333333334 0.5916666666666667 0.6 0.6083333333333333 0.6166666666666667 0.625 0.6333333333333333 0.6416666666666666 0.65 0.6583333333333333 0.6666666666666666 0.675 0.6833333333333333 0.6916666666666667 0.7 0.7083333333333334 0.7166666666666667 0.725 0.7333333333333333 0.7416666666666667 0.75 0.7583333333333333 0.7666666666666666 0.775 0.7833333333333333 0.7916666666666666 0.8 0.8083333333333333 0.8166666666666667 0.825 0.8333333333333334 0.8416666666666667 0.85 0.8583333333333333 0.8666666666666667 0.875 0.8833333333333333 0.8916666666666666 0.9 0.9083333333333333 0.9166666666666666 0.9249999999999999 0.9333333333333333 0.9416666666666667 0.95 0.9583333333333334 0.9666666666666667 0.975 0.9833333333333333 0.9916666666666667 1 1.008333333333333 1.016666666666667 1.025 1.033333333333333 1.041666666666667 1.05 1.058333333333333 1.066666666666667 1.075 1.083333333333333 1.091666666666667 1.1 1.108333333333333 1.116666666666667 1.125 1.133333333333333 1.141666666666667 1.15 1.158333333333333 1.166666666666667 1.175 1.183333333333333 1.191666666666667 1.2 1.208333333333333 1.216666666666667 1.225 1.233333333333333 1.241666666666667 1.25 1.258333333333333 1.266666666666667 1.275 1.283333333333333 1.291666666666667 1.3 1.308333333333333 1.316666666666667 1.325 1.333333333333333 1.341666666666667 1.35 1.358333333333333 1.366666666666667 1.375 1.383333333333333 1.391666666666667 1.4 1.408333333333333 1.416666666666667 1.425 1.433333333333333 1.441666666666667 1.45 1.458333333333333 1.466666666666667 1.475 1.483333333333333 1.491666666666667 1.5 1.508333333333333 1.516666666666667 1.525 1.533333333333333 1.541666666666667 1.55 1.558333333333333 1.566666666666667 1.575 1.583333333333333 1.591666666666667 1.6 1.608333333333333 1.616666666666667 1.625 1.633333333333333 1.641666666666667 1.65 1.658333333333333 1.666666666666667 1.675 1.683333333333333 1.691666666666667 1.7 1.708333333333333 1.716666666666667 1.725 1.733333333333333 1.741666666666667 1.75 1.758333333333333 1.766666666666667 1.775 1.783333333333333 1.791666666666667 1.8 1.808333333333333 1.816666666666667 1.825 1.833333333333333 1.841666666666667 1.85 1.858333333333333 1.866666666666667 1.875 1.883333333333333 1.891666666666667 1.9 1.908333333333333 1.916666666666667 1.925 1.933333333333333 1.941666666666667 1.95 1.958333333333333 1.966666666666667 1.975 1.983333333333333 1.991666666666667 2 2.008333333333333 2.016666666666667 2.025 2.033333333333333 2.041666666666667 2.05 2.058333333333333 2.066666666666666 2.075 2.083333333333333 2.091666666666667 2.1 2.108333333333333 2.116666666666667 2.125 2.133333333333333 2.141666666666667 2.15 2.158333333333333 2.166666666666667 2.175 2.183333333333333 2.191666666666666 2.2 2.208333333333333 2.216666666666667 2.225 2.233333333333333 2.241666666666667 2.25 2.258333333333333 2.266666666666667 2.275 2.283333333333333 2.291666666666667 2.3 2.308333333333333 2.316666666666666 2.325 2.333333333333333 2.341666666666667 2.35 2.358333333333333 2.366666666666667 2.375 2.383333333333333 2.391666666666667 2.4 2.408333333333333 2.416666666666667 2.425 2.433333333333333 2.441666666666666 2.45 2.458333333333333 2.466666666666667 2.475 2.483333333333333 2.491666666666667 2.5 2.508333333333333 2.516666666666667 2.525 2.533333333333333 2.541666666666667 2.55 2.558333333333333 2.566666666666666 2.575 2.583333333333333 2.591666666666667 2.6 2.608333333333333 2.616666666666667 2.625 2.633333333333333 2.641666666666667 2.65 2.658333333333333 2.666666666666667 2.675 2.683333333333333 2.691666666666666 2.7 2.708333333333333 2.716666666666667 2.725 2.733333333333333 2.741666666666667 2.75 2.758333333333333 2.766666666666667 2.775 2.783333333333333 2.791666666666667 2.8 2.808333333333333 2.816666666666666 2.825 2.833333333333333 2.841666666666667 2.85 2.858333333333333 2.866666666666667 2.875 2.883333333333333 2.891666666666667 2.9 2.908333333333333 2.916666666666667 2.925 2.933333333333333 2.941666666666666 2.95 2.958333333333333 2.966666666666667 2.975 2.983333333333333 2.991666666666667 3 3.008333333333333 3.016666666666667 3.025 3.033333333333333 3.041666666666667 3.05 3.058333333333333 3.066666666666666 3.075 3.083333333333333 3.091666666666667 3.1 3.108333333333333 3.116666666666667 3.125 3.133333333333333 3.141666666666667 3.15 3.158333333333333 3.166666666666667 3.175 3.183333333333333 3.191666666666666 3.2 3.208333333333333 3.216666666666667 3.225 3.233333333333333 3.241666666666667 3.25 3.258333333333333 3.266666666666667 3.275 3.283333333333333 3.291666666666667 3.3 3.308333333333333 3.316666666666666 3.325 3.333333333333333 3.341666666666667 3.35 3.358333333333333 3.366666666666667 3.375 3.383333333333333 3.391666666666667 3.4 3.408333333333333 3.416666666666667 3.425 3.433333333333333 3.441666666666666 3.45 3.458333333333333 3.466666666666667 3.475 3.483333333333333 3.491666666666667 3.5 3.508333333333333 3.516666666666667 3.525 3.533333333333333 3.541666666666667 3.55 3.558333333333333 3.566666666666666 3.575 3.583333333333333 3.591666666666667 3.6 3.608333333333333 3.616666666666667 3.625 3.633333333333333 3.641666666666667 3.65 3.658333333333333 3.666666666666667 3.675 3.683333333333333 3.691666666666666 3.7 3.708333333333333 3.716666666666667 3.725 3.733333333333333 3.741666666666667 3.75 3.758333333333333 3.766666666666667 3.775 3.783333333333333 3.791666666666667 3.8 3.808333333333333 3.816666666666666 3.825 3.833333333333333 3.841666666666667 3.85 3.858333333333333 3.866666666666667 3.875 3.883333333333333 3.891666666666667 3.9 3.908333333333333 3.916666666666667 3.925 3.933333333333333 3.941666666666666 3.95 3.958333333333333 3.966666666666667 3.975 3.983333333333333 3.991666666666667 4 4.008333333333333 4.016666666666667 4.025 4.033333333333333 4.041666666666667 4.05 4.058333333333334 4.066666666666666 4.075 4.083333333333333 4.091666666666667 4.1 4.108333333333333 4.116666666666666 4.125 4.133333333333333 4.141666666666667 4.15 4.158333333333333 4.166666666666667 4.175 4.183333333333334 4.191666666666666 4.2 4.208333333333333 4.216666666666667 4.225 4.233333333333333 4.241666666666666 4.25 4.258333333333333 4.266666666666667 4.275 4.283333333333333 4.291666666666667 4.3 4.308333333333334 4.316666666666666 4.325 4.333333333333333 4.341666666666667 4.35 4.358333333333333 4.366666666666666 4.375 4.383333333333333 4.391666666666667 4.4 4.408333333333333 4.416666666666667 4.425 4.433333333333334 4.441666666666666 4.45 4.458333333333333 4.466666666666667 4.475 4.483333333333333 4.491666666666666 4.5 4.508333333333333 4.516666666666667 4.525 4.533333333333333 4.541666666666667 4.55 4.558333333333334 4.566666666666666 4.575 4.583333333333333 4.591666666666667 4.6 4.608333333333333 4.616666666666666 4.625 4.633333333333333 4.641666666666667 4.65 4.658333333333333 4.666666666666667 4.675 4.683333333333334 4.691666666666666 4.7 4.708333333333333 