# Created by Octave 5.2.0, Fri May 15 16:20:07 2020 GMT <unknown@thad-HP>
# name: bus
# type: matrix
# rows: 6
# columns: 15
 1 1 0 0.069999999999437054 0.19166231657600563 0 0 0 0 1 100 -100 20 1.5 0.5
 2 0.97999999999999998 8.5541255413234172 0.0049999999999973122 0.008367255298497852 0 0 0 0 2 1 -1 20 1.5 0.5
 3 0.96999999999999997 10.010108141251893 0.049999999995128934 -0.11489239714349408 0 0 0 0 2 1 -1 20 1.5 0.5
 4 1 10.896160666638856 0.14999999999999955 0.30115986315889309 0 0 0 0 2 100 -100 20 1.5 0.5
 5 0.73694158471096904 -11.643493529977579 0 0 0.27499999998738084 0.19999999999036694 0 0 3 9999 -9999 20 1.5 0.5
 6 0.86409446595357797 -4.937071283841421 0 0 7.182044408033875e-12 -9.3623424035872162e-13 0 0 3 9999 -9999 20 1.5 0.5


# name: line
# type: matrix
# rows: 6
# columns: 10
 4 3 0 0.10000000000000001 0 1 0 0 0 0
 1 6 0 0.75 0 1 0 0 0 0
 5 6 0 0.75 0 1 0 0 0 0
 5 3 0 1.5 0 1 0 0 0 0
 2 3 0 1 0 1 0 0 0 0
 1 2 0 5 0 1 0 0 0 0


# name: n_conv
# type: global scalar
0


# name: n_dcl
# type: global scalar
0


