# Created by Octave 4.2.1, Wed May 13 09:23:07 2020 GMT <unknown@unknown>
# name: bus
# type: matrix
# rows: 6
# columns: 15
 1 1 0 0.06999999999943705 0.1916623165760056 0 0 0 0 1 100 -100 20 1.5 0.5
 2 0.98 8.554125541323417 0.004999999999997312 0.008367255298497852 0 0 0 0 2 1 -1 20 1.5 0.5
 3 0.97 10.01010814125189 0.04999999999512893 -0.1148923971434941 0 0 0 0 2 1 -1 20 1.5 0.5
 4 1 10.89616066663886 0.1499999999999996 0.3011598631588931 0 0 0 0 2 100 -100 20 1.5 0.5
 5 0.736941584710969 -11.64349352997758 0 0 0.2749999999873808 0.1999999999903669 0 0 3 9999 -9999 20 1.5 0.5
 6 0.864094465953578 -4.937071283841421 0 0 7.182044408033875e-012 -9.362342403587216e-013 0 0 3 9999 -9999 20 1.5 0.5


# name: line
# type: matrix
# rows: 6
# columns: 10
 4 3 0 0.1 0 1 0 0 0 0
 1 6 0 0.75 0 1 0 0 0 0
 5 6 0 0.75 0 1 0 0 0 0
 5 3 0 1.5 0 1 0 0 0 0
 2 3 0 1 0 1 0 0 0 0
 1 2 0 5 0 1 0 0 0 0


# name: n_conv
# type: global scalar
0


# name: n_dcl
# type: global scalar
0


